xof 0303txt 0032
template ColorRGBA {
 <35ff44e0-6c7c-11cf-8f52-0040333594a3>
 FLOAT red;
 FLOAT green;
 FLOAT blue;
 FLOAT alpha;
}

template ColorRGB {
 <d3e16e81-7835-11cf-8f52-0040333594a3>
 FLOAT red;
 FLOAT green;
 FLOAT blue;
}

template Material {
 <3d82ab4d-62da-11cf-ab39-0020af71e433>
 ColorRGBA faceColor;
 FLOAT power;
 ColorRGB specularColor;
 ColorRGB emissiveColor;
 [...]
}

template TextureFilename {
 <a42790e1-7810-11cf-8f52-0040333594a3>
 STRING filename;
}

template Frame {
 <3d82ab46-62da-11cf-ab39-0020af71e433>
 [...]
}

template Matrix4x4 {
 <f6f23f45-7686-11cf-8f52-0040333594a3>
 array FLOAT matrix[16];
}

template FrameTransformMatrix {
 <f6f23f41-7686-11cf-8f52-0040333594a3>
 Matrix4x4 frameMatrix;
}

template Vector {
 <3d82ab5e-62da-11cf-ab39-0020af71e433>
 FLOAT x;
 FLOAT y;
 FLOAT z;
}

template MeshFace {
 <3d82ab5f-62da-11cf-ab39-0020af71e433>
 DWORD nFaceVertexIndices;
 array DWORD faceVertexIndices[nFaceVertexIndices];
}

template Mesh {
 <3d82ab44-62da-11cf-ab39-0020af71e433>
 DWORD nVertices;
 array Vector vertices[nVertices];
 DWORD nFaces;
 array MeshFace faces[nFaces];
 [...]
}

template MeshMaterialList {
 <f6f23f42-7686-11cf-8f52-0040333594a3>
 DWORD nMaterials;
 DWORD nFaceIndexes;
 array DWORD faceIndexes[nFaceIndexes];
 [Material <3d82ab4d-62da-11cf-ab39-0020af71e433>]
}

template VertexElement {
 <f752461c-1e23-48f6-b9f8-8350850f336f>
 DWORD Type;
 DWORD Method;
 DWORD Usage;
 DWORD UsageIndex;
}

template DeclData {
 <bf22e553-292c-4781-9fea-62bd554bdd93>
 DWORD nElements;
 array VertexElement Elements[nElements];
 DWORD nDWords;
 array DWORD data[nDWords];
}

template XSkinMeshHeader {
 <3cf169ce-ff7c-44ab-93c0-f78f62d172e2>
 WORD nMaxSkinWeightsPerVertex;
 WORD nMaxSkinWeightsPerFace;
 WORD nBones;
}

template SkinWeights {
 <6f0d123b-bad2-4167-a0d0-80224f25fabb>
 STRING transformNodeName;
 DWORD nWeights;
 array DWORD vertexIndices[nWeights];
 array FLOAT weights[nWeights];
 Matrix4x4 matrixOffset;
}

template AnimTicksPerSecond {
 <9e415a43-7ba6-4a73-8743-b73d47e88476>
 DWORD AnimTicksPerSecond;
}

template Animation {
 <3d82ab4f-62da-11cf-ab39-0020af71e433>
 [...]
}

template AnimationSet {
 <3d82ab50-62da-11cf-ab39-0020af71e433>
 [Animation <3d82ab4f-62da-11cf-ab39-0020af71e433>]
}

template FloatKeys {
 <10dd46a9-775b-11cf-8f52-0040333594a3>
 DWORD nValues;
 array FLOAT values[nValues];
}

template TimedFloatKeys {
 <f406b180-7b3b-11cf-8f52-0040333594a3>
 DWORD time;
 FloatKeys tfkeys;
}

template AnimationKey {
 <10dd46a8-775b-11cf-8f52-0040333594a3>
 DWORD keyType;
 DWORD nKeys;
 array TimedFloatKeys keys[nKeys];
}


Material material_0 {
 1.000000;1.000000;1.000000;1.000000;;
 10.000000;
 0.000000;0.000000;0.000000;;
 0.000000;0.000000;0.000000;;

 TextureFilename {
  "ViolentArachne_boss_diff.tga";
 }
}

Material material_1 {
 1.000000;1.000000;1.000000;1.000000;;
 10.000000;
 0.000000;0.000000;0.000000;;
 0.000000;0.000000;0.000000;;

 TextureFilename {
  "ViolentArachne_boss_diff.tga";
 }
}

Frame SceneRoot {
 

 FrameTransformMatrix {
  1.000000,0.000000,0.000000,0.000000,0.000000,1.000000,0.000000,0.000000,0.000000,0.000000,1.000000,0.000000,0.000000,0.000000,0.000000,1.000000;;
 }

 Frame Dummy_root {
  

  FrameTransformMatrix {
   1.000000,0.000000,0.000000,0.000000,0.000000,1.000000,0.000000,0.000000,0.000000,-0.000000,1.000000,0.000000,0.000000,0.000000,0.000000,1.000000;;
  }

  Frame FxBottom {
   

   FrameTransformMatrix {
    1.000000,0.000000,0.000000,0.000000,0.000000,1.000000,0.000001,0.000000,0.000000,-0.000001,1.000000,0.000000,0.000000,0.000000,0.000000,1.000000;;
   }
  }

  Frame Bip02 {
   

   FrameTransformMatrix {
    0.949617,-0.313414,0.000001,0.000000,0.313414,0.949617,0.000000,0.000000,-0.000001,0.000000,1.000000,0.000000,-1.066728,39.114637,0.000000,1.000000;;
   }

   Frame Bip02-Pelvis {
    

    FrameTransformMatrix {
     0.124936,0.991526,0.035612,0.000000,-0.010917,-0.034518,0.999345,0.000000,0.992105,-0.125243,0.006512,0.000000,0.000000,0.000000,0.000000,1.000000;;
    }

    Frame Bip02-Spine {
     

     FrameTransformMatrix {
      0.976626,-0.036184,0.211880,0.000000,0.035612,0.999345,0.006515,0.000000,-0.211977,0.001183,0.977274,0.000000,15.047112,-0.000181,-18.623603,1.000000;;
     }

     Frame Bip02-L-Thigh {
      

      FrameTransformMatrix {
       -0.716155,0.471383,0.514704,0.000000,-0.385635,0.347416,-0.854745,0.000000,-0.581728,-0.810617,-0.067022,0.000000,-15.289843,23.005672,18.424802,1.000000;;
      }

      Frame Bip02-L-Calf {
       

       FrameTransformMatrix {
        -0.305270,-0.000000,-0.952266,0.000000,-0.000000,1.000000,-0.000000,0.000000,0.952266,0.000000,-0.305270,0.000000,21.258926,0.000002,0.000008,1.000000;;
       }

       Frame Bip02-L-HorseLink {
        

        FrameTransformMatrix {
         -0.356937,0.000000,0.934129,0.000000,0.000000,1.000000,-0.000000,0.000000,-0.934128,0.000000,-0.356937,0.000000,34.348262,0.000000,-0.000001,1.000000;;
        }

        Frame Bip02-L-Foot {
         

         FrameTransformMatrix {
          0.741797,-0.256571,0.619603,0.000000,-0.164345,-0.965296,-0.202963,0.000000,0.650175,0.048729,-0.758221,0.000000,40.347648,0.000004,-0.000008,1.000000;;
         }

         Frame Bip02-L-Toe0 {
          

          FrameTransformMatrix {
           -0.172021,-0.103327,0.979659,0.000000,-0.017870,0.994647,0.101770,0.000000,-0.984931,0.000000,-0.172947,0.000000,10.155294,-2.949177,21.836342,1.000000;;
          }

          Frame Bip02-L-Toe01 {
           

           FrameTransformMatrix {
            0.999974,0.000000,-0.007170,0.000000,-0.000000,1.000000,0.000000,0.000000,0.007170,-0.000000,0.999974,0.000000,3.375084,0.000001,0.000001,1.000000;;
           }

           Frame Bip02-L-Toe0Nub {
            

            FrameTransformMatrix {
             -1.000000,0.000000,-0.000690,0.000000,0.000000,1.000000,-0.000000,0.000000,0.000690,-0.000000,-1.000000,0.000000,13.232704,-0.000000,0.000000,1.000000;;
            }
           }
          }
         }

         Frame Bip02-L-Toe1 {
          

          FrameTransformMatrix {
           -0.172883,0.027150,0.984568,0.000000,0.004695,0.999631,-0.026741,0.000000,-0.984931,-0.000000,-0.172947,0.000000,10.155298,3.161453,21.836326,1.000000;;
          }

          Frame Bip02-L-Toe11 {
           

           FrameTransformMatrix {
            0.999974,-0.000000,-0.007170,0.000000,0.000000,1.000000,-0.000000,0.000000,0.007170,0.000000,0.999974,0.000000,3.600098,0.000002,0.000002,1.000000;;
           }

           Frame Bip02-L-Toe1Nub {
            

            FrameTransformMatrix {
             -1.000000,0.000000,0.000691,0.000000,0.000000,1.000000,0.000000,0.000000,-0.000691,0.000000,-1.000000,0.000000,14.114899,-0.000002,-0.000002,1.000000;;
            }
           }
          }
         }
        }
       }
      }
     }

     Frame Bip02-R-Thigh {
      

      FrameTransformMatrix {
       -0.778031,-0.375495,0.503659,0.000000,0.395668,0.329841,0.857118,0.000000,-0.487971,0.866146,-0.108056,0.000000,-15.289843,-23.005107,18.424928,1.000000;;
      }

      Frame Bip02-R-Calf {
       

       FrameTransformMatrix {
        -0.334850,0.000000,-0.942272,0.000000,-0.000000,1.000000,0.000000,0.000000,0.942272,0.000000,-0.334850,0.000000,21.258926,-0.000002,0.000002,1.000000;;
       }

       Frame Bip02-R-HorseLink {
        

        FrameTransformMatrix {
         -0.281211,-0.000000,0.959646,0.000000,-0.000000,1.000000,0.000000,0.000000,-0.959646,0.000000,-0.281211,0.000000,34.348253,0.000002,0.000002,1.000000;;
        }

        Frame Bip02-R-Foot {
         

         FrameTransformMatrix {
          0.743711,0.244812,0.622061,0.000000,0.166168,-0.969025,0.182695,0.000000,0.647519,-0.032506,-0.761356,0.000000,40.347651,0.000002,0.000004,1.000000;;
         }

         Frame Bip02-R-Toe0 {
          

          FrameTransformMatrix {
           -0.172022,0.103327,0.979659,0.000000,0.017870,0.994647,-0.101770,0.000000,-0.984931,0.000000,-0.172947,0.000000,10.155294,2.949172,21.836326,1.000000;;
          }

          Frame Bip02-R-Toe01 {
           

           FrameTransformMatrix {
            0.999974,0.000000,-0.007170,0.000000,0.000000,1.000000,0.000000,0.000000,0.007170,-0.000000,0.999974,0.000000,3.375099,0.000003,0.000002,1.000000;;
           }

           Frame Bip02-R-Toe0Nub {
            

            FrameTransformMatrix {
             1.000000,0.000000,0.000000,0.000000,-0.000000,1.000000,0.000000,0.000000,0.000000,-0.000000,1.000000,0.000000,13.232697,0.000001,0.000001,1.000000;;
            }
           }
          }
         }

         Frame Bip02-R-Toe1 {
          

          FrameTransformMatrix {
           -0.172883,-0.027150,0.984568,0.000000,-0.004695,0.999631,0.026741,0.000000,-0.984931,0.000000,-0.172947,0.000000,10.155296,-3.161449,21.836326,1.000000;;
          }

          Frame Bip02-R-Toe11 {
           

           FrameTransformMatrix {
            0.999975,0.000000,-0.007170,0.000000,-0.000000,1.000000,0.000000,0.000000,0.007170,-0.000000,0.999974,0.000000,3.600082,-0.000004,-0.000001,1.000000;;
           }

           Frame Bip02-R-Toe1Nub {
            

            FrameTransformMatrix {
             1.000000,-0.000000,0.000000,0.000000,0.000000,1.000000,-0.000000,0.000000,0.000000,-0.000000,1.000000,0.000000,14.114875,-0.000001,-0.000001,1.000000;;
            }
           }
          }
         }
        }
       }
      }
     }

     Frame Bip02-Spine1 {
      

      FrameTransformMatrix {
       0.925970,0.000001,0.377598,0.000000,-0.000001,1.000000,-0.000000,0.000000,-0.377598,-0.000000,0.925970,0.000000,23.566131,-0.000001,-0.019558,1.000000;;
      }

      Frame Bip02-Spine2 {
       

       FrameTransformMatrix {
        0.400126,-0.130268,0.907155,0.000000,0.052666,0.991479,0.119147,0.000000,-0.914946,0.000102,0.403577,0.000000,29.599370,-0.000000,-0.017601,1.000000;;
       }

       Frame Bip02-Neck {
        

        FrameTransformMatrix {
         0.975934,0.000001,0.218065,0.000000,-0.000001,1.000000,-0.000000,0.000000,-0.218065,-0.000000,0.975934,0.000000,40.307277,0.000067,9.400131,1.000000;;
        }

        Frame Bip02-Head {
         

         FrameTransformMatrix {
          0.978922,0.033517,0.201463,0.000000,-0.035582,0.999345,0.006636,0.000000,-0.201109,-0.013664,0.979474,0.000000,8.026436,0.000000,-0.000015,1.000000;;
         }

         Frame Bip02-HeadNub {
          

          FrameTransformMatrix {
           1.000000,0.000000,-0.000000,0.000000,0.000000,1.000000,0.000000,0.000000,0.000000,-0.000000,1.000000,0.000000,16.361762,0.000002,0.000008,1.000000;;
          }
         }

         Frame FxTop {
          

          FrameTransformMatrix {
           0.492421,0.077046,-0.866940,0.000000,-0.866151,-0.054422,-0.496810,0.000000,-0.085458,0.995541,0.039935,0.000000,13.482523,0.000078,-7.826782,1.000000;;
          }
         }

         Frame Bone87 {
          

          FrameTransformMatrix {
           0.840647,-0.265080,0.472277,0.000000,-0.425816,-0.862348,0.273928,0.000000,0.334654,-0.431380,-0.837806,0.000000,11.870241,-8.101394,3.036278,1.000000;;
          }

          Frame Bone88 {
           

           FrameTransformMatrix {
            0.833739,-0.000000,-0.552159,0.000000,0.000000,1.000000,0.000000,0.000000,0.552159,0.000000,0.833739,0.000000,8.185797,0.000003,0.000000,1.000000;;
           }

           Frame Bone89 {
            

            FrameTransformMatrix {
             0.204425,0.000000,-0.978882,0.000000,-0.000000,1.000000,0.000000,0.000000,0.978882,-0.000000,0.204425,0.000000,6.653561,-0.000004,-0.000004,1.000000;;
            }

            Frame Bone90 {
             

             FrameTransformMatrix {
              1.000000,0.000000,0.000000,0.000000,0.000000,1.000000,0.000000,0.000000,0.000000,-0.000000,1.000000,0.000000,8.273830,-0.000004,-0.000008,1.000000;;
             }
            }
           }
          }
         }

         Frame Bone20 {
          

          FrameTransformMatrix {
           0.788468,0.000001,0.615075,0.000000,-0.301485,-0.871633,0.386477,0.000000,0.536120,-0.490160,-0.687254,0.000000,16.558981,-3.607726,0.077980,1.000000;;
          }

          Frame Bone41 {
           

           FrameTransformMatrix {
            0.117781,0.000000,-0.993040,0.000000,0.000000,1.000000,0.000000,0.000000,0.993040,-0.000000,0.117781,0.000000,4.587929,-0.000006,0.000004,1.000000;;
           }

           Frame Bone86 {
            

            FrameTransformMatrix {
             1.000000,0.000000,0.000000,0.000000,0.000000,1.000000,0.000000,0.000000,0.000000,-0.000000,1.000000,0.000000,5.120194,0.000006,-0.000008,1.000000;;
            }
           }
          }
         }

         Frame Bone20_mirrored_ {
          

          FrameTransformMatrix {
           0.788437,0.000093,0.615116,0.000000,-0.301623,0.871583,0.386479,0.000000,-0.536089,-0.490247,0.687216,0.000000,16.558992,3.608107,0.077980,1.000000;;
          }

          Frame Bone41_mirrored_ {
           

           FrameTransformMatrix {
            0.117782,-0.000000,0.993039,0.000000,0.000000,1.000000,0.000000,0.000000,-0.993040,0.000000,0.117782,0.000000,4.587944,0.000006,-0.000011,1.000000;;
           }

           Frame Bone86_mirrored_ {
            

            FrameTransformMatrix {
             1.000000,0.000000,0.000000,0.000000,0.000000,1.000000,0.000000,0.000000,0.000000,-0.000000,1.000000,0.000000,5.120197,0.000002,0.000008,1.000000;;
            }
           }
          }
         }

         Frame Bone87_mirrored_ {
          

          FrameTransformMatrix {
           0.840558,0.265397,0.472258,0.000000,-0.426175,0.862136,0.274038,0.000000,-0.334422,-0.431610,0.837780,0.000000,11.870262,8.102110,3.036217,1.000000;;
          }

          Frame Bone88_mirrored_ {
           

           FrameTransformMatrix {
            0.833739,-0.000000,0.552159,0.000000,0.000000,1.000000,0.000000,0.000000,-0.552159,0.000000,0.833739,0.000000,8.185818,0.000009,0.000000,1.000000;;
           }

           Frame Bone89_mirrored_ {
            

            FrameTransformMatrix {
             0.204425,-0.000000,0.978882,0.000000,0.000000,1.000000,0.000000,0.000000,-0.978882,0.000000,0.204425,0.000000,6.653576,-0.000013,0.000019,1.000000;;
            }

            Frame Bone90_mirrored_ {
             

             FrameTransformMatrix {
              1.000000,0.000000,0.000000,0.000000,-0.000000,1.000000,0.000001,0.000000,0.000000,-0.000001,1.000000,0.000000,8.273834,0.000008,0.000000,1.000000;;
             }
            }
           }
          }
         }
        }

        Frame Bip02-L-Clavicle {
         

         FrameTransformMatrix {
          -0.325375,0.826204,-0.459910,0.000000,0.927268,0.183522,-0.326333,0.000000,-0.185214,-0.532641,-0.825826,0.000000,-24.638138,31.973888,11.131942,1.000000;;
         }

         Frame Bip02-L-UpperArm {
          

          FrameTransformMatrix {
           0.940797,-0.174798,0.290426,0.000000,-0.290447,0.026037,0.956537,0.000000,-0.174763,-0.984260,-0.026274,0.000000,33.291245,0.000000,-0.000011,1.000000;;
          }

          Frame Bip02-L-Forearm {
           

           FrameTransformMatrix {
            0.767966,0.000000,-0.640491,0.000000,0.000000,1.000000,0.000000,0.000000,0.640491,0.000000,0.767966,0.000000,33.029693,-0.000006,0.000004,1.000000;;
           }

           Frame Bip02-L-Hand {
            

            FrameTransformMatrix {
             0.313014,0.298845,-0.901507,0.000000,0.030300,-0.951865,-0.305018,0.000000,-0.949266,0.068159,-0.307002,0.000000,52.328384,0.000000,-0.000008,1.000000;;
            }

            Frame FxHand00 {
             

             FrameTransformMatrix {
              0.861657,-0.164703,-0.480021,0.000000,-0.429781,-0.739831,-0.517628,0.000000,-0.269879,0.652322,-0.708267,0.000000,15.976688,-0.553585,-3.661621,1.000000;;
             }
            }
           }
          }
         }
        }

        Frame Bip02-R-Clavicle {
         

         FrameTransformMatrix {
          -0.342886,-0.793723,-0.502427,0.000000,-0.922309,0.182964,0.340397,0.000000,-0.178255,0.580110,-0.794793,0.000000,-24.638142,-31.973907,11.132118,1.000000;;
         }

         Frame Bip02-R-UpperArm {
          

          FrameTransformMatrix {
           0.975154,0.186553,0.119472,0.000000,0.150128,-0.159934,-0.975645,0.000000,-0.162901,0.969339,-0.183968,0.000000,33.291261,-0.000008,0.000004,1.000000;;
          }

          Frame Bip02-R-Forearm {
           

           FrameTransformMatrix {
            0.492386,0.000000,-0.870377,0.000000,-0.000000,1.000000,0.000000,0.000000,0.870377,0.000000,0.492386,0.000000,33.029693,0.000010,0.000000,1.000000;;
           }

           Frame Bip02-R-Hand {
            

            FrameTransformMatrix {
             0.459102,-0.289646,-0.839840,0.000000,0.027671,-0.940236,0.339398,0.000000,-0.887953,-0.179057,-0.423649,0.000000,52.328406,0.000000,0.000000,1.000000;;
            }

            Frame FxHand01 {
             

             FrameTransformMatrix {
              0.874338,0.219975,-0.432602,0.000000,-0.408687,0.814466,-0.411851,0.000000,0.261742,0.536895,0.802019,0.000000,16.427544,2.104645,-2.641800,1.000000;;
             }
            }
           }
          }
         }
        }
       }

       Frame Bone01 {
        

        FrameTransformMatrix {
         0.183046,-0.517874,-0.835644,0.000000,0.279855,-0.787390,0.549271,0.000000,-0.942430,-0.334401,0.000801,0.000000,6.933632,-32.374717,-32.598877,1.000000;;
        }

        Frame Bone02 {
         

         FrameTransformMatrix {
          0.593120,-0.000000,-0.805114,0.000000,0.000000,1.000000,0.000000,0.000000,0.805115,0.000000,0.593120,0.000000,31.886733,-0.000008,0.000023,1.000000;;
         }

         Frame Bone03 {
          

          FrameTransformMatrix {
           0.323381,0.000000,-0.946269,0.000000,-0.000000,1.000000,0.000000,0.000000,0.946269,-0.000000,0.323381,0.000000,37.376358,-0.000019,0.000031,1.000000;;
          }
         }
        }
       }

       Frame Bone0111 {
        

        FrameTransformMatrix {
         0.165878,0.557086,-0.813720,0.000000,0.191506,0.791245,0.580739,0.000000,0.967373,-0.252164,0.024564,0.000000,7.109410,32.445523,-32.770035,1.000000;;
        }

        Frame Bone0222 {
         

         FrameTransformMatrix {
          0.643604,-0.000000,0.765359,0.000000,0.000000,1.000000,0.000000,0.000000,-0.765359,0.000000,0.643604,0.000000,31.631638,0.000000,-0.000023,1.000000;;
         }

         Frame Bone0333 {
          

          FrameTransformMatrix {
           0.323381,0.000000,0.946269,0.000000,0.000000,1.000000,-0.000000,0.000000,-0.946269,0.000000,0.323382,0.000000,37.368608,0.000015,-0.000031,1.000000;;
          }
         }
        }
       }
      }

      Frame FxCenter {
       

       FrameTransformMatrix {
        0.864957,-0.000000,0.501846,0.000000,0.501846,-0.000003,-0.864957,0.000000,0.000001,1.000000,-0.000002,0.000000,19.393112,0.000259,0.903091,1.000000;;
       }
      }
     }
    }

    Frame Bone24 {
     

     FrameTransformMatrix {
      -0.872597,-0.451371,0.186653,0.000000,-0.430063,0.528826,-0.731703,0.000000,0.231562,-0.718754,-0.655570,0.000000,-4.471024,-23.643506,-22.529270,1.000000;;
     }

     Frame Bone27 {
      

      FrameTransformMatrix {
       -0.148182,-0.000000,0.988960,0.000000,-0.000000,1.000000,-0.000000,0.000000,-0.988960,-0.000000,-0.148182,0.000000,21.238442,0.000003,-0.000011,1.000000;;
      }

      Frame Bone31 {
       

       FrameTransformMatrix {
        -0.396701,-0.000000,-0.917948,0.000000,-0.000000,1.000000,-0.000000,0.000000,0.917948,-0.000000,-0.396701,0.000000,34.151322,0.000007,0.000019,1.000000;;
       }

       Frame Bone34 {
        

        FrameTransformMatrix {
         0.901129,-0.000001,0.433552,0.000000,0.000000,1.000000,0.000001,0.000000,-0.433552,-0.000001,0.901128,0.000000,44.722742,-0.000012,-0.000008,1.000000;;
        }

        Frame Bone38 {
         

         FrameTransformMatrix {
          0.741481,-0.318586,0.590516,0.000000,0.160134,0.938679,0.305350,0.000000,-0.651585,-0.131850,0.747029,0.000000,22.173214,-0.000006,-0.000008,1.000000;;
         }

         Frame Bone58 {
          

          FrameTransformMatrix {
           0.990464,0.006486,0.137620,0.000000,-0.137623,-0.000041,0.990485,0.000000,0.006430,-0.999979,0.000852,0.000000,1.411369,-3.203451,-1.071015,1.000000;;
          }

          Frame Bone64 {
           

           FrameTransformMatrix {
            0.959928,-0.253419,0.119651,0.000000,0.251473,0.967356,0.031345,0.000000,-0.123688,-0.000000,0.992321,0.000000,7.185578,0.000000,0.000000,1.000000;;
           }
          }
         }

         Frame Bone45 {
          

          FrameTransformMatrix {
           0.998404,0.056363,-0.003461,0.000000,0.003036,0.007620,0.999966,0.000000,0.056388,-0.998381,0.007437,0.000000,0.173958,3.684769,-0.971716,1.000000;;
          }

          Frame Bone48 {
           

           FrameTransformMatrix {
            0.999440,0.000000,-0.033478,0.000000,-0.000000,1.000000,-0.000000,0.000000,0.033478,0.000000,0.999439,0.000000,7.956345,0.000000,0.000004,1.000000;;
           }
          }
         }
        }
       }
      }
     }
    }

    Frame Bone240 {
     

     FrameTransformMatrix {
      -0.903740,0.419781,0.083897,0.000000,-0.363262,-0.648335,-0.669106,0.000000,-0.226485,-0.635174,0.738416,0.000000,-4.471062,23.644054,-22.529133,1.000000;;
     }

     Frame Bone270 {
      

      FrameTransformMatrix {
       -0.050040,0.000001,-0.998747,0.000000,0.000000,1.000000,0.000001,0.000000,0.998747,-0.000000,-0.050040,0.000000,21.238450,0.000004,0.000011,1.000000;;
      }

      Frame Bone310 {
       

       FrameTransformMatrix {
        -0.106929,0.000000,0.994267,0.000000,-0.000000,1.000000,-0.000000,0.000000,-0.994267,0.000000,-0.106929,0.000000,34.151338,-0.000009,0.000010,1.000000;;
       }

       Frame Bone340 {
        

        FrameTransformMatrix {
         0.891981,-0.000001,-0.452073,0.000000,0.000000,1.000000,-0.000001,0.000000,0.452072,0.000001,0.891981,0.000000,44.722717,0.000012,0.000023,1.000000;;
        }

        Frame Bone380 {
         

         FrameTransformMatrix {
          0.875869,-0.075619,-0.476587,0.000000,0.051385,0.996645,-0.063699,0.000000,0.479806,0.031303,0.876816,0.000000,22.173218,-0.000008,0.000015,1.000000;;
         }

         Frame Bone450 {
          

          FrameTransformMatrix {
           0.998405,0.056363,0.003461,0.000000,0.003036,0.007620,-0.999966,0.000000,-0.056388,0.998381,0.007437,0.000000,0.173935,3.684788,0.971719,1.000000;;
          }

          Frame Bone480 {
           

           FrameTransformMatrix {
            0.999440,0.000000,0.033478,0.000000,0.000000,1.000000,0.000000,0.000000,-0.033478,-0.000000,0.999440,0.000000,7.956375,-0.000005,0.000012,1.000000;;
           }
          }
         }

         Frame Bone580 {
          

          FrameTransformMatrix {
           0.990464,0.006487,-0.137620,0.000000,-0.137623,-0.000041,-0.990485,0.000000,-0.006430,0.999979,0.000852,0.000000,1.411377,-3.203446,1.071014,1.000000;;
          }

          Frame Bone640 {
           

           FrameTransformMatrix {
            0.959928,-0.253419,-0.119650,0.000000,0.251473,0.967357,-0.031345,0.000000,0.123688,0.000000,0.992321,0.000000,7.185562,-0.000001,0.000008,1.000000;;
           }
          }
         }
        }
       }
      }
     }
    }

    Frame Bone160 {
     

     FrameTransformMatrix {
      -0.541441,0.450728,0.709708,0.000000,0.261958,-0.711683,0.651832,0.000000,0.798886,0.538843,0.267262,0.000000,-2.616299,18.892925,24.107032,1.000000;;
     }

     Frame Bone170 {
      

      FrameTransformMatrix {
       -0.177287,0.000003,0.984159,0.000000,-0.000025,1.000000,-0.000007,0.000000,-0.984159,-0.000026,-0.177287,0.000000,18.323061,0.000007,0.000011,1.000000;;
      }

      Frame Bone180 {
       

       FrameTransformMatrix {
        -0.352732,-0.000003,-0.935725,0.000000,-0.000001,1.000000,-0.000003,0.000000,0.935724,0.000000,-0.352732,0.000000,26.294064,-0.000007,0.000002,1.000000;;
       }

       Frame Bone190 {
        

        FrameTransformMatrix {
         0.911088,-0.000002,0.412212,0.000000,0.000001,1.000000,0.000001,0.000000,-0.412212,-0.000000,0.911088,0.000000,34.474739,-0.000001,-0.000004,1.000000;;
        }

        Frame Bone210 {
         

         FrameTransformMatrix {
          0.834992,-0.135199,0.533394,0.000000,0.091297,0.989950,0.108003,0.000000,-0.542635,-0.041484,0.838944,0.000000,17.317790,-0.000004,0.000011,1.000000;;
         }

         Frame Bone830 {
          

          FrameTransformMatrix {
           0.995640,0.010436,0.092693,0.000000,-0.092717,0.001901,0.995691,0.000000,0.010215,-0.999944,0.002860,0.000000,1.679520,2.787647,-0.100589,1.000000;;
          }

          Frame Bone840 {
           

           FrameTransformMatrix {
            0.984498,-0.151941,-0.087619,0.000000,0.151332,0.988390,-0.013591,0.000000,0.088667,0.000121,0.996061,0.000000,5.798073,-0.000002,-0.000028,1.000000;;
           }
          }
         }

         Frame Bone760 {
          

          FrameTransformMatrix {
           0.999207,-0.028486,0.027839,0.000000,-0.027756,0.003296,0.999609,0.000000,-0.028567,-0.999589,0.002502,0.000000,1.727623,-2.552380,-0.086124,1.000000;;
          }

          Frame Bone810 {
           

           FrameTransformMatrix {
            0.995831,-0.031060,0.085763,0.000000,0.030946,0.999517,0.002665,0.000000,-0.085804,-0.000000,0.996312,0.000000,5.265740,0.000005,-0.000001,1.000000;;
           }
          }
         }
        }
       }
      }
     }
    }

    Frame Bone16 {
     

     FrameTransformMatrix {
      -0.586789,-0.348596,0.730863,0.000000,0.279953,0.759593,0.587065,0.000000,-0.759807,0.549090,-0.348130,0.000000,-2.616230,-18.893346,24.106926,1.000000;;
     }

     Frame Bone17 {
      

      FrameTransformMatrix {
       -0.054785,-0.000000,-0.998498,0.000000,-0.000000,1.000000,0.000000,0.000000,0.998498,0.000000,-0.054785,0.000000,18.323043,0.000000,-0.000023,1.000000;;
      }

      Frame Bone18 {
       

       FrameTransformMatrix {
        -0.063738,-0.000000,0.997967,0.000000,-0.000000,1.000000,0.000000,0.000000,-0.997967,0.000000,-0.063738,0.000000,26.294056,0.000000,0.000005,1.000000;;
       }

       Frame Bone19 {
        

        FrameTransformMatrix {
         0.903121,-0.000000,-0.429386,0.000000,0.000000,1.000000,0.000000,0.000000,0.429386,0.000000,0.903121,0.000000,34.474739,-0.000004,0.000008,1.000000;;
        }

        Frame Bone21 {
         

         FrameTransformMatrix {
          0.847616,-0.134118,-0.513380,0.000000,0.102084,0.990672,-0.090262,0.000000,0.520697,0.024099,0.853401,0.000000,17.317803,-0.000006,-0.000015,1.000000;;
         }

         Frame Bone76 {
          

          FrameTransformMatrix {
           0.999206,-0.028487,-0.027839,0.000000,-0.027756,0.003295,-0.999609,0.000000,0.028567,0.999589,0.002502,0.000000,1.727608,-2.552362,0.086117,1.000000;;
          }

          Frame Bone81 {
           

           FrameTransformMatrix {
            0.995831,-0.031060,-0.085763,0.000000,0.030946,0.999517,-0.002665,0.000000,0.085805,-0.000000,0.996312,0.000000,5.265770,0.000000,0.000007,1.000000;;
           }
          }
         }

         Frame Bone83 {
          

          FrameTransformMatrix {
           0.995640,0.010435,-0.092693,0.000000,-0.092717,0.001901,-0.995691,0.000000,-0.010214,0.999944,0.002860,0.000000,1.679504,2.787641,0.100585,1.000000;;
          }

          Frame Bone84 {
           

           FrameTransformMatrix {
            0.984498,-0.151941,0.087620,0.000000,0.151332,0.988389,0.013592,0.000000,-0.088668,-0.000121,0.996061,0.000000,5.798096,0.000002,-0.000002,1.000000;;
           }
          }
         }
        }
       }
      }
     }
    }
   }
  }

  Frame Dummy01 {
   

   FrameTransformMatrix {
    0.680937,-0.003283,-0.732335,0.000000,0.732341,0.001645,0.680936,0.000000,-0.001031,-0.999993,0.003524,0.000000,69.505920,3.094351,-60.527155,1.000000;;
   }

   Frame Point02 {
    

    FrameTransformMatrix {
     0.501420,-0.000078,0.865204,0.000000,0.000038,1.000000,0.000068,0.000000,-0.865204,-0.000001,0.501420,0.000000,-12.579643,0.005266,-70.223853,1.000000;;
    }
   }
  }

  Frame Dummy03 {
   

   FrameTransformMatrix {
    0.591372,0.009351,0.806344,0.000000,0.806370,0.001588,-0.591409,0.000000,-0.006811,0.999955,-0.006601,0.000000,58.473306,1.623276,60.526880,1.000000;;
   }

   Frame Point03 {
    

    FrameTransformMatrix {
     -0.490449,0.000647,0.871470,0.000000,-0.000742,-1.000000,0.000324,0.000000,0.871470,-0.000488,0.490450,0.000000,-11.691284,0.003255,70.377146,1.000000;;
    }
   }
  }

  Frame Dummy04 {
   

   FrameTransformMatrix {
    -0.604223,0.006486,0.796789,0.000000,-0.796806,0.000005,-0.604236,0.000000,-0.003923,-0.999979,0.005165,0.000000,-74.540301,5.106656,81.895507,1.000000;;
   }

   Frame Point04 {
    

    FrameTransformMatrix {
     -0.510117,-0.000649,-0.860105,0.000000,0.000654,-1.000000,0.000366,0.000000,-0.860105,-0.000376,0.510117,0.000000,-21.504814,0.000614,-82.544851,1.000000;;
    }
   }
  }

  Frame Dummy02 {
   

   FrameTransformMatrix {
    -0.193470,0.001303,-0.981105,0.000000,-0.981106,0.000005,0.193470,0.000000,0.000257,0.999999,0.001278,0.000000,-51.425974,3.338348,-81.895027,1.000000;;
   }

   Frame Point01 {
    

    FrameTransformMatrix {
     0.514568,-0.000002,-0.857449,0.000000,-0.000003,1.000000,-0.000005,0.000000,0.857449,0.000005,0.514568,0.000000,-21.931931,0.000343,82.432326,1.000000;;
    }
   }
  }
 }

 Frame ViolentArachne_boss_skel {
  

  FrameTransformMatrix {
   1.000000,0.000000,0.000000,0.000000,0.000000,1.000000,0.000000,0.000000,0.000000,0.000000,1.000000,0.000000,0.000000,0.000000,0.000000,1.000000;;
  }

  Mesh ViolentArachne_boss_skel {
   9895;
   -61.865133;164.989645;29.192781;,
   -58.877050;154.205926;35.262982;,
   -60.074893;160.754150;32.049014;,
   12.897749;111.481037;37.170045;,
   21.579442;104.445946;33.117360;,
   19.901878;111.339174;32.120160;,
   14.701106;108.473229;38.104886;,
   8.451400;111.337101;45.501555;,
   8.419869;108.004518;51.482253;,
   4.398818;110.896474;54.154118;,
   24.642109;105.440787;25.974032;,
   18.979267;114.595635;29.595773;,
   19.901878;111.339174;32.120160;,
   29.051030;102.643027;28.760672;,
   18.266122;103.633555;32.203274;,
   12.815249;106.394221;37.020189;,
   7.103274;106.637088;50.128141;,
   3.260427;109.964582;53.228291;,
   8.419869;108.004518;51.482253;,
   16.495680;123.769382;25.513402;,
   12.879356;131.729216;23.103824;,
   15.621275;125.714150;26.570990;,
   15.540744;123.806208;30.717325;,
   16.488912;119.923008;30.537200;,
   14.817878;119.335808;35.440198;,
   10.769413;118.310323;39.546621;,
   4.393695;124.379341;44.341008;,
   5.035883;115.958285;49.316758;,
   2.913116;116.265485;53.899066;,
   3.117500;135.033830;36.739958;,
   -4.061130;138.183872;36.987616;,
   6.180860;129.909491;39.719075;,
   10.529735;125.097613;38.290595;,
   13.816210;123.340595;34.972992;,
   12.200363;122.089050;34.198544;,
   9.030156;123.784154;37.398832;,
   4.833434;128.424320;38.775594;,
   1.877079;133.366003;35.901101;,
   1.682190;136.893184;30.918803;,
   -16.816910;138.856230;43.152458;,
   -10.444598;136.447142;47.324768;,
   -13.465934;142.564365;45.128067;,
   -14.031045;138.571187;34.822179;,
   -10.506132;142.998515;36.759651;,
   -12.037407;147.774618;33.517315;,
   -0.598265;141.007693;30.968784;,
   2.918015;138.692134;31.576141;,
   3.481182;137.785779;26.642243;,
   -15.450104;143.688947;31.654093;,
   4.784649;139.618509;27.143888;,
   -13.677048;145.146970;25.071197;,
   -8.955094;150.723072;25.236653;,
   0.707594;143.168166;25.530923;,
   8.785845;137.190080;23.588280;,
   7.654978;138.501517;18.251978;,
   8.785845;137.190080;23.588280;,
   14.919730;128.866202;20.524952;,
   -15.244510;152.754650;30.328925;,
   -16.607189;149.493901;27.530906;,
   -17.956906;151.148378;25.214461;,
   0.735897;146.773402;15.678070;,
   -8.909683;154.048870;23.955189;,
   9.176369;140.308774;11.523142;,
   16.637805;125.846298;19.357597;,
   17.822893;121.016576;24.576946;,
   16.814894;129.286016;8.884640;,
   2.867605;149.681997;6.083284;,
   13.608778;142.965261;0.007881;,
   4.234814;153.240896;0.007880;,
   13.475595;139.823398;6.525459;,
   17.645998;134.690342;0.007881;,
   17.386704;132.612608;3.646098;,
   19.178125;129.476877;5.465955;,
   20.819645;123.454144;10.892530;,
   22.142846;117.925824;16.384581;,
   22.895435;114.237133;20.784349;,
   -3.196081;159.548838;5.384531;,
   -7.320134;158.136845;12.137193;,
   -2.956684;153.234714;11.509414;,
   -24.279632;164.304448;18.394094;,
   -17.074283;160.600781;16.795294;,
   -17.161304;165.960346;12.540002;,
   -22.860416;160.591142;21.673664;,
   -16.173744;156.431270;29.105462;,
   -11.153591;164.960896;7.506106;,
   -0.730682;163.517376;0.007880;,
   -12.043909;169.857318;0.007879;,
   -26.374195;168.410125;17.301504;,
   -25.567906;169.942592;13.565746;,
   -27.552022;161.159411;18.301899;,
   -25.576606;156.760422;20.560342;,
   -23.272446;173.478515;7.654385;,
   -12.043909;169.857318;0.007879;,
   -18.579250;175.981171;0.007879;,
   -23.107330;183.299917;0.007879;,
   -28.502224;180.514150;8.199757;,
   -28.681702;185.522867;4.103818;,
   -28.682672;189.381888;0.007879;,
   -29.757232;182.406310;0.007879;,
   -30.660579;182.039309;2.458764;,
   -30.366115;177.911373;3.772176;,
   -30.004269;169.329754;4.567536;,
   -27.791354;173.580032;10.572186;,
   -28.516499;164.415680;15.705034;,
   -29.568512;163.483686;10.822796;,
   36.135642;89.721990;26.758440;,
   29.492528;98.546899;28.938019;,
   30.207626;97.408698;29.328336;,
   -58.583264;89.409440;41.742272;,
   -54.831706;94.558957;40.410112;,
   -58.883808;90.655130;38.647635;,
   -53.366566;94.665792;44.423366;,
   -50.503795;95.887482;41.059677;,
   -48.755091;95.408448;43.660733;,
   -45.969088;97.576045;40.820851;,
   -62.772992;83.568640;40.867222;,
   -57.406618;87.289331;42.172157;,
   -51.625606;90.944525;44.669053;,
   -47.617427;92.411046;43.601216;,
   -51.840291;88.700819;41.868781;,
   -56.433690;84.380902;39.626352;,
   -48.402355;88.989901;41.575581;,
   -42.694758;91.959142;42.269277;,
   -42.500787;94.856851;44.103232;,
   -44.004963;98.868666;44.132957;,
   -42.188205;97.192685;37.708688;,
   -39.449267;98.341882;40.924851;,
   -36.806838;94.415616;40.476950;,
   -36.806176;89.962214;39.287152;,
   -43.654611;91.959379;39.132320;,
   -49.199613;89.757286;38.867475;,
   -52.676557;89.238144;39.132419;,
   -39.599824;90.210477;36.297971;,
   -33.890710;89.549939;36.677901;,
   -33.217469;94.306387;38.523974;,
   -36.343754;98.710432;38.838864;,
   -32.277888;100.698906;38.045920;,
   -38.157427;98.923194;33.697203;,
   -36.358643;102.198675;32.678963;,
   -37.702288;97.013818;27.335747;,
   -36.158976;97.355443;21.248896;,
   -35.922480;90.079347;22.216051;,
   -35.292378;88.867872;32.050515;,
   -37.481690;93.181453;28.673888;,
   -33.208650;87.524966;31.359414;,
   -29.767533;85.190867;27.993024;,
   -37.916573;94.664096;29.615402;,
   -40.044416;97.686470;35.917331;,
   -36.926595;89.049478;32.990362;,
   -50.281392;93.120435;38.992470;,
   -52.676557;89.238144;39.132419;,
   -53.693370;91.988928;38.762138;,
   -49.199613;89.757286;38.867475;,
   -45.048045;94.244179;38.461600;,
   -43.654611;91.959379;39.132320;,
   -39.599824;90.210477;36.297971;,
   -42.232330;93.278176;36.066442;,
   -39.566070;92.712256;33.357693;,
   -57.294285;88.643386;37.114051;,
   -61.487494;85.276749;35.933498;,
   -63.207341;87.029613;37.261654;,
   -64.287827;85.611379;39.942630;,
   -65.937178;77.119859;34.213786;,
   -64.118714;77.207974;34.145549;,
   -60.852563;82.006669;39.379939;,
   -56.408282;85.975104;37.717059;,
   -60.518496;83.704000;36.814125;,
   -63.321011;78.880742;33.481725;,
   -65.622010;71.589030;25.758462;,
   -66.544083;77.986464;33.738925;,
   -65.909715;79.551443;33.400883;,
   -64.116819;80.396570;33.430531;,
   -63.321011;78.880742;33.481725;,
   -60.518496;83.704000;36.814125;,
   -56.408282;85.975104;37.717059;,
   -35.292378;88.867872;32.050515;,
   -36.926595;89.049478;32.990362;,
   -39.599824;90.210477;36.297971;,
   -36.926595;89.049478;32.990362;,
   -33.208650;87.524966;31.359414;,
   -31.084682;90.015635;35.750928;,
   -28.937616;95.355162;38.670374;,
   -22.939907;86.515462;33.980301;,
   -29.767533;85.190867;27.993024;,
   -28.191523;88.229075;35.668474;,
   -24.667389;95.171821;38.825654;,
   -28.882851;101.566694;36.930349;,
   -32.868246;105.729414;26.225050;,
   -18.858662;95.852934;37.308112;,
   -22.620224;106.660250;36.099536;,
   64.645984;169.661082;-43.000534;,
   67.921754;166.521702;-48.610909;,
   65.791539;164.432845;-44.833056;,
   63.236192;169.979648;-52.457226;,
   60.221805;172.369587;-46.475130;,
   60.239776;170.491776;-55.141242;,
   71.143462;164.205798;-36.735587;,
   74.952621;160.984819;-38.641206;,
   74.233216;162.345984;-34.379168;,
   71.888934;162.679552;-39.632330;,
   65.335974;167.785690;-41.236150;,
   63.936819;170.669158;-37.479126;,
   65.347322;175.177997;-38.403334;,
   60.737542;178.381146;-42.550109;,
   57.454310;180.237760;-43.517984;,
   70.649926;166.845632;-34.719648;,
   73.368781;166.310336;-32.361299;,
   72.875686;163.707430;-29.167325;,
   83.579923;156.239987;-23.186720;,
   79.467514;156.857997;-28.405091;,
   86.155885;151.679565;-22.326819;,
   81.365523;158.033600;-25.439829;,
   78.723296;159.772390;-26.446931;,
   78.144243;161.167616;-27.829184;,
   78.752410;158.487437;-29.967251;,
   74.976806;160.889933;-32.956867;,
   74.773882;157.324941;-36.693594;,
   79.435661;156.825293;-32.949696;,
   80.029709;155.379622;-31.626931;,
   82.351142;154.719501;-29.347856;,
   84.614669;152.760742;-27.289482;,
   86.825376;150.953779;-23.792408;,
   91.107194;145.679373;-15.989750;,
   86.188781;153.094272;-21.268307;,
   -69.009062;164.937562;24.305030;,
   -71.807482;174.094464;22.765675;,
   -70.837613;164.971072;21.592880;,
   -71.703341;185.050586;16.357024;,
   -74.462003;187.319386;16.772403;,
   -73.767392;184.725222;17.908088;,
   -68.372557;186.102157;22.217450;,
   -70.166349;181.758016;18.098114;,
   -72.441510;180.880512;20.092562;,
   -67.992262;180.120282;15.469658;,
   -67.235840;168.638080;26.074318;,
   -63.892704;152.916032;29.603162;,
   -82.677920;174.728589;12.819818;,
   -70.812653;171.673498;11.570662;,
   -80.199770;172.700698;15.852594;,
   -78.704973;167.785702;16.142861;,
   -77.592710;163.011059;13.169742;,
   -72.337920;157.106867;18.401853;,
   -74.563949;152.285414;14.148411;,
   -72.559507;152.066906;18.212805;,
   -61.753267;151.708941;13.590627;,
   -70.864730;148.265882;19.974286;,
   -77.716998;159.619085;9.220146;,
   -72.387469;145.130586;13.788571;,
   -81.140883;166.194304;9.558378;,
   -81.426298;165.746714;5.857030;,
   -78.001523;158.311514;3.701072;,
   -75.114118;142.304179;6.699720;,
   -73.081773;132.387866;5.093689;,
   -75.596051;134.766835;1.917340;,
   -76.214368;141.086528;0.007877;,
   -75.619917;134.758016;0.007877;,
   -77.708909;153.711168;0.007877;,
   -82.437242;156.759386;0.007876;,
   -84.639482;160.919693;0.007876;,
   -90.125414;161.953498;0.007876;,
   -83.021837;159.100634;2.055310;,
   -80.801651;162.167936;0.007876;,
   -84.635968;171.134426;6.804742;,
   -83.215808;172.495565;10.588982;,
   -84.840563;170.785830;0.007876;,
   -84.774445;183.535936;0.007876;,
   -82.341568;189.437862;5.444915;,
   -87.755142;190.275341;2.660999;,
   -88.896973;187.348288;0.007876;,
   -94.136109;193.485581;0.007876;,
   -88.246355;192.210522;0.007876;,
   -83.429472;193.291110;0.007876;,
   -80.178835;187.895322;11.482178;,
   -80.213958;201.581005;9.507991;,
